{
  "cells": [
    {
      "cell_type": "markdown",
      "metadata": {
        "id": "lcJDZ6MVeTJB"
      },
      "source": [
        "##  MP307 Practical 1 Queueing Theory I"
      ]
    },
    {
      "cell_type": "code",
      "execution_count": null,
      "metadata": {
        "id": "IomMbfOfeTJC"
      },
      "outputs": [],
      "source": []
    },
    {
      "cell_type": "code",
      "execution_count": 2,
      "metadata": {
        "id": "6RZAJ1L-eTJD"
      },
      "outputs": [],
      "source": [
        "# import a standard Python package for doing matrix theory below\n",
        "import numpy as np"
      ]
    },
    {
      "cell_type": "code",
      "execution_count": null,
      "metadata": {
        "id": "DC8PrXe2eTJE"
      },
      "outputs": [],
      "source": []
    },
    {
      "cell_type": "markdown",
      "metadata": {
        "id": "G9I3YICIeTJE"
      },
      "source": [
        "## Q.1\n",
        "Consider the two state telephone example considered in lecture 2 with transition matrix\n",
        "$$P=\n",
        "\\begin{bmatrix}\n",
        "1/2 & 1/2\n",
        "\\\\\n",
        "2/3 & 1/3\n",
        "\\end{bmatrix}\n",
        "$$\n",
        "This can be stored in a Python array `P` as follows:"
      ]
    },
    {
      "cell_type": "code",
      "execution_count": 2,
      "metadata": {
        "id": "3WleQs4oeTJF",
        "outputId": "ded9082b-9140-4e3b-eda2-c665ea726743",
        "colab": {
          "base_uri": "https://localhost:8080/"
        }
      },
      "outputs": [
        {
          "output_type": "stream",
          "name": "stdout",
          "text": [
            "[[0.5        0.5       ]\n",
            " [0.66666667 0.33333333]]\n"
          ]
        }
      ],
      "source": [
        "P=np.array([[1/2,1/2],[2/3,1/3]])\n",
        "print(P)"
      ]
    },
    {
      "cell_type": "markdown",
      "metadata": {
        "id": "s5CgSAuZeTJF"
      },
      "source": [
        "$\\mbox{Prob}(i\\rightarrow j)$ in 2 time steps is found by evaluating $P^{2}$.  \n",
        "We may multiply two matrices using the `np.matmul` Python function."
      ]
    },
    {
      "cell_type": "code",
      "execution_count": 3,
      "metadata": {
        "id": "L_GBtcG0eTJG",
        "outputId": "bf014bb3-91c6-42d8-906c-51b4337ec7bb",
        "colab": {
          "base_uri": "https://localhost:8080/"
        }
      },
      "outputs": [
        {
          "output_type": "execute_result",
          "data": {
            "text/plain": [
              "array([[0.58333333, 0.41666667],\n",
              "       [0.55555556, 0.44444444]])"
            ]
          },
          "metadata": {},
          "execution_count": 3
        }
      ],
      "source": [
        "np.matmul(P,P)"
      ]
    },
    {
      "cell_type": "markdown",
      "metadata": {
        "id": "o0ap5Ws0eTJG"
      },
      "source": [
        "We may also take the power of a matrix using the `np.linalg.matrix_power` Python function"
      ]
    },
    {
      "cell_type": "code",
      "execution_count": 4,
      "metadata": {
        "id": "R5MCEzn_eTJK",
        "outputId": "731982fa-91ed-4bc2-c27c-f0366b89491c",
        "colab": {
          "base_uri": "https://localhost:8080/"
        }
      },
      "outputs": [
        {
          "output_type": "execute_result",
          "data": {
            "text/plain": [
              "array([[0.58333333, 0.41666667],\n",
              "       [0.55555556, 0.44444444]])"
            ]
          },
          "metadata": {},
          "execution_count": 4
        }
      ],
      "source": [
        "np.linalg.matrix_power(P,2)"
      ]
    },
    {
      "cell_type": "code",
      "execution_count": 5,
      "metadata": {
        "id": "TFnBlirSeTJK",
        "outputId": "cc074de7-b55f-48a9-f9cb-2c3a8a55c4c2",
        "colab": {
          "base_uri": "https://localhost:8080/"
        }
      },
      "outputs": [
        {
          "output_type": "execute_result",
          "data": {
            "text/plain": [
              "array([[0.57137346, 0.42862654],\n",
              "       [0.57150206, 0.42849794]])"
            ]
          },
          "metadata": {},
          "execution_count": 5
        }
      ],
      "source": [
        "np.linalg.matrix_power(P,5)"
      ]
    },
    {
      "cell_type": "markdown",
      "metadata": {
        "id": "I-P4ncD7eTJL"
      },
      "source": [
        "Notice that the rows are converging which suggests that the system is ergodic i.e. for $p_{m}(i,j)$ the probability of transtition from state $i$ to state $j$ in $m$ steps then\n",
        "$$\n",
        "\\lim_{m\\rightarrow \\infty}p_{m}(i,j) =\\pi_{j}\n",
        "$$\n",
        "exists for equilibrium probability $\\pi_{j}$ independent of the initial state $i$.\n",
        "\n",
        "In fact the above system is ergodic with equilibrium probabilities $\\pi_{0} =4/7$  and $\\pi_{1} =3/7$\n"
      ]
    },
    {
      "cell_type": "code",
      "execution_count": 6,
      "metadata": {
        "id": "vFEJwYRIeTJL",
        "outputId": "3a44dec9-1b87-4c9b-99f6-ca226672df6d",
        "colab": {
          "base_uri": "https://localhost:8080/"
        }
      },
      "outputs": [
        {
          "output_type": "stream",
          "name": "stdout",
          "text": [
            "0.5714285714285714\n",
            "0.42857142857142855\n"
          ]
        }
      ],
      "source": [
        "print(4/7)\n",
        "print(3/7)"
      ]
    },
    {
      "cell_type": "markdown",
      "metadata": {
        "id": "TeryhDA6eTJL"
      },
      "source": [
        "The equilibrium probabilities are found by looking for the $\\textbf{left}$ eigenvector of $P$ for eigenvalue 1.  \n",
        "We can find all eigenvectors and eigenvalues of $P$ by use of the `np.linalg.eig` Python function as follows."
      ]
    },
    {
      "cell_type": "code",
      "execution_count": 7,
      "metadata": {
        "id": "cDRtLlJ6eTJL",
        "outputId": "94f66b48-a3e6-4b47-f966-05dde961f555",
        "colab": {
          "base_uri": "https://localhost:8080/"
        }
      },
      "outputs": [
        {
          "output_type": "stream",
          "name": "stdout",
          "text": [
            "EigResult(eigenvalues=array([ 1.        , -0.16666667]), eigenvectors=array([[ 0.70710678, -0.6       ],\n",
            "       [ 0.70710678,  0.8       ]]))\n"
          ]
        }
      ],
      "source": [
        "eigendata=np.linalg.eig(P)\n",
        "print(eigendata)"
      ]
    },
    {
      "cell_type": "markdown",
      "metadata": {
        "id": "H_JCgIqceTJM"
      },
      "source": [
        "The output is a tuple consisting of an array and a matrix. We may unpack the tuple as follows:"
      ]
    },
    {
      "cell_type": "code",
      "execution_count": 8,
      "metadata": {
        "id": "pqxHDvsgeTJM"
      },
      "outputs": [],
      "source": [
        "X, V=eigendata"
      ]
    },
    {
      "cell_type": "code",
      "execution_count": 9,
      "metadata": {
        "id": "tYzK_Eo8eTJN",
        "outputId": "2b0e0584-0f6d-4612-f2e6-8fc050ab5ed2",
        "colab": {
          "base_uri": "https://localhost:8080/"
        }
      },
      "outputs": [
        {
          "output_type": "stream",
          "name": "stdout",
          "text": [
            "[ 1.         -0.16666667]\n",
            "[[ 0.70710678 -0.6       ]\n",
            " [ 0.70710678  0.8       ]]\n"
          ]
        }
      ],
      "source": [
        "print(X)\n",
        "print(V)"
      ]
    },
    {
      "cell_type": "markdown",
      "metadata": {
        "id": "Mal61SJPeTJN"
      },
      "source": [
        "The eigenvalues of $P$ are given in the array `X` with eigenvectors given in the matrix `V`. In particular the eigenvector for $1$ is the first column vector with equal entries. We can read this off the entries of the first column as an array:"
      ]
    },
    {
      "cell_type": "code",
      "execution_count": 11,
      "metadata": {
        "id": "P5duCjgdeTJO",
        "outputId": "0763ff41-3cf3-4383-a5a0-acc12a2dd923",
        "colab": {
          "base_uri": "https://localhost:8080/"
        }
      },
      "outputs": [
        {
          "output_type": "stream",
          "name": "stdout",
          "text": [
            "[0.70710678 0.70710678]\n"
          ]
        }
      ],
      "source": [
        "u=V[:,0] # Note that Python indices run as 0,1, ...\n",
        "print(u)"
      ]
    },
    {
      "cell_type": "markdown",
      "metadata": {
        "id": "Ll0xnIVHeTJO"
      },
      "source": [
        "A constant scalar multiple of an eigenvector is also an eigenvector so in fact we have confirmed that $Pu=u$ for $u=\\begin{bmatrix} 1\\\\1 \\end{bmatrix}$.\n",
        "\n",
        "Thus the `np.linalg.eig` Python function returns the $\\textbf{right}$ eigenvectors of $P$. Therefore we consider the right eigenvectors of the transpose of $P$, denoted by $P^{T}$, which provide us with the left eigenvectors of $P$."
      ]
    },
    {
      "cell_type": "code",
      "execution_count": 12,
      "metadata": {
        "id": "coc4mNo0eTJO",
        "outputId": "7371e8cd-f495-426f-efa5-025e7a731986",
        "colab": {
          "base_uri": "https://localhost:8080/"
        }
      },
      "outputs": [
        {
          "output_type": "stream",
          "name": "stdout",
          "text": [
            "[[0.5        0.66666667]\n",
            " [0.5        0.33333333]]\n"
          ]
        }
      ],
      "source": [
        "PT=P.transpose()\n",
        "print(PT)"
      ]
    },
    {
      "cell_type": "code",
      "execution_count": 13,
      "metadata": {
        "id": "JsGH5iNfeTJO"
      },
      "outputs": [],
      "source": [
        "eigendata=np.linalg.eig(PT)"
      ]
    },
    {
      "cell_type": "code",
      "execution_count": 14,
      "metadata": {
        "id": "_GoIkrLNeTJO",
        "outputId": "814ca942-c5ae-4a08-83f4-dec86082c313",
        "colab": {
          "base_uri": "https://localhost:8080/"
        }
      },
      "outputs": [
        {
          "output_type": "stream",
          "name": "stdout",
          "text": [
            "[ 1.         -0.16666667]\n",
            "[[ 0.8        -0.70710678]\n",
            " [ 0.6         0.70710678]]\n"
          ]
        }
      ],
      "source": [
        "X, V=eigendata\n",
        "print(X)\n",
        "print(V)"
      ]
    },
    {
      "cell_type": "markdown",
      "metadata": {
        "id": "sVLiimKgeTJP"
      },
      "source": [
        "Thus the left eigenvector of $P$ for eigenvalue 1 is"
      ]
    },
    {
      "cell_type": "code",
      "execution_count": 15,
      "metadata": {
        "id": "7Z8GUwXLeTJP",
        "outputId": "5db11864-65cf-41ac-9cc2-117e2aaacd57",
        "colab": {
          "base_uri": "https://localhost:8080/"
        }
      },
      "outputs": [
        {
          "output_type": "stream",
          "name": "stdout",
          "text": [
            "[0.8 0.6]\n",
            "[0.8 0.6]\n"
          ]
        }
      ],
      "source": [
        "u=V[:,0]\n",
        "print(u)\n",
        "print(u.real) # print real part of u"
      ]
    },
    {
      "cell_type": "markdown",
      "metadata": {
        "id": "SKiMq14GeTJP"
      },
      "source": [
        "We normalize this eigenvector so that the entries sum to unity. We thus obtain the equilibrium probability vector $\\pi$"
      ]
    },
    {
      "cell_type": "code",
      "execution_count": 16,
      "metadata": {
        "id": "0AgHpwOIeTJP",
        "outputId": "ae5466b7-7bd5-4118-fe08-5a8bd39b5a29",
        "colab": {
          "base_uri": "https://localhost:8080/"
        }
      },
      "outputs": [
        {
          "output_type": "stream",
          "name": "stdout",
          "text": [
            "[0.57142857 0.42857143]\n",
            "[0.5714285714285714, 0.42857142857142855]\n"
          ]
        }
      ],
      "source": [
        "pi=u/sum(u) # divide elements of u by sum of elements of u\n",
        "print(pi.real)\n",
        "print([4/7,3/7])"
      ]
    },
    {
      "cell_type": "code",
      "execution_count": null,
      "metadata": {
        "id": "JksgnJjReTJP"
      },
      "outputs": [],
      "source": []
    },
    {
      "cell_type": "code",
      "source": [],
      "metadata": {
        "id": "29EA0tdUaERe"
      },
      "execution_count": null,
      "outputs": []
    },
    {
      "cell_type": "markdown",
      "metadata": {
        "id": "pHeUmCioeTJP"
      },
      "source": [
        "## Q.2 (*)\n",
        "A finite queue of maximum size $3$ is observed with the following transition matrix\n",
        "\n",
        "$$\\begin{bmatrix} 1/3 & 0 & 2/5 & 4/15 \\\\\n",
        "1/4 & 0 & 3/10 & 9/20 \\\\\n",
        "0 & 2/3 & 1/5 & 2/15 \\\\\n",
        "1/5 & 0 & 2/5 & 2/5 \\end{bmatrix}$$\n",
        "\n",
        "1. Find Prob($i\\rightarrow j$ in 10 steps).\n",
        "\n",
        "2. Find the equilibrium probabilities $\\pi_{0},\\pi_{1},\\pi_{2},\\pi_{3}$."
      ]
    },
    {
      "cell_type": "code",
      "execution_count": 3,
      "metadata": {
        "id": "QdHv03ZCeTJP",
        "outputId": "3a662be4-7b0e-469f-8bbf-d920d5cfd5f5",
        "colab": {
          "base_uri": "https://localhost:8080/"
        }
      },
      "outputs": [
        {
          "output_type": "stream",
          "name": "stdout",
          "text": [
            "[[0.33333333 0.         0.4        0.26666667]\n",
            " [0.25       0.         0.3        0.45      ]\n",
            " [0.         0.66666667 0.2        0.13333333]\n",
            " [0.2        0.         0.4        0.4       ]]\n"
          ]
        }
      ],
      "source": [
        "P=np.array([\n",
        "[1/3,0,2/5,4/15],\n",
        "[1/4,0,3/10,9/20],\n",
        "[0,2/3,1/5,2/15],\n",
        "[1/5,0,2/5,2/5]\n",
        "])\n",
        "print(P)"
      ]
    },
    {
      "cell_type": "code",
      "execution_count": 4,
      "metadata": {
        "id": "YZzxBUF8eTJQ",
        "outputId": "75b7ce61-fbe6-4899-85ca-d60206897f60",
        "colab": {
          "base_uri": "https://localhost:8080/"
        }
      },
      "outputs": [
        {
          "output_type": "execute_result",
          "data": {
            "text/plain": [
              "array([[0.16444444, 0.26666667, 0.32      , 0.24888889],\n",
              "       [0.17333333, 0.2       , 0.34      , 0.28666667],\n",
              "       [0.19333333, 0.13333333, 0.29333333, 0.38      ],\n",
              "       [0.14666667, 0.26666667, 0.32      , 0.26666667]])"
            ]
          },
          "metadata": {},
          "execution_count": 4
        }
      ],
      "source": [
        "np.matmul(P,P)"
      ]
    },
    {
      "cell_type": "markdown",
      "metadata": {
        "id": "Nhmo65-WeTJQ"
      },
      "source": [
        "Repeat the sequence of steps followed in Q.1 above."
      ]
    },
    {
      "cell_type": "code",
      "source": [
        "np.linalg.matrix_power(P,2)"
      ],
      "metadata": {
        "id": "xX3Ae7BxZp-3",
        "outputId": "550d1bf0-ccf7-4119-d3e8-a1489128fc3b",
        "colab": {
          "base_uri": "https://localhost:8080/"
        }
      },
      "execution_count": 5,
      "outputs": [
        {
          "output_type": "execute_result",
          "data": {
            "text/plain": [
              "array([[0.16444444, 0.26666667, 0.32      , 0.24888889],\n",
              "       [0.17333333, 0.2       , 0.34      , 0.28666667],\n",
              "       [0.19333333, 0.13333333, 0.29333333, 0.38      ],\n",
              "       [0.14666667, 0.26666667, 0.32      , 0.26666667]])"
            ]
          },
          "metadata": {},
          "execution_count": 5
        }
      ]
    },
    {
      "cell_type": "code",
      "execution_count": 6,
      "metadata": {
        "id": "cUrtjlc9eTJQ",
        "outputId": "61b24f3c-d455-4a70-c99e-383a0a9cfbb5",
        "colab": {
          "base_uri": "https://localhost:8080/"
        }
      },
      "outputs": [
        {
          "output_type": "execute_result",
          "data": {
            "text/plain": [
              "array([[0.17125926, 0.21333333, 0.30933333, 0.30607407],\n",
              "       [0.16511111, 0.22666667, 0.312     , 0.29622222],\n",
              "       [0.17377778, 0.19555556, 0.328     , 0.30266667],\n",
              "       [0.16888889, 0.21333333, 0.30933333, 0.30844444]])"
            ]
          },
          "metadata": {},
          "execution_count": 6
        }
      ],
      "source": [
        "np.linalg.matrix_power(P,3)"
      ]
    },
    {
      "cell_type": "code",
      "source": [
        "np.linalg.matrix_power(P,4)"
      ],
      "metadata": {
        "id": "28gJxudzZu1z",
        "outputId": "2c5f56d2-914e-4efa-e14e-b64a06ce2415",
        "colab": {
          "base_uri": "https://localhost:8080/"
        }
      },
      "execution_count": 7,
      "outputs": [
        {
          "output_type": "execute_result",
          "data": {
            "text/plain": [
              "array([[0.17163457, 0.20622222, 0.3168    , 0.30534321],\n",
              "       [0.17094815, 0.208     , 0.31493333, 0.30611852],\n",
              "       [0.16734815, 0.21866667, 0.31484444, 0.29914074],\n",
              "       [0.17131852, 0.20622222, 0.3168    , 0.30565926]])"
            ]
          },
          "metadata": {},
          "execution_count": 7
        }
      ]
    },
    {
      "cell_type": "code",
      "execution_count": 8,
      "metadata": {
        "id": "6TnucXmceTJQ",
        "outputId": "15bd7be3-cfea-4956-af81-4ef8b848cfc1",
        "colab": {
          "base_uri": "https://localhost:8080/"
        }
      },
      "outputs": [
        {
          "output_type": "execute_result",
          "data": {
            "text/plain": [
              "array([[0.16983572, 0.2112    , 0.31601778, 0.3029465 ],\n",
              "       [0.17020642, 0.20995556, 0.31621333, 0.30362469],\n",
              "       [0.17027753, 0.2098963 , 0.31516444, 0.30466173],\n",
              "       [0.16979358, 0.2112    , 0.31601778, 0.30298864]])"
            ]
          },
          "metadata": {},
          "execution_count": 8
        }
      ],
      "source": [
        "np.linalg.matrix_power(P,5)"
      ]
    },
    {
      "cell_type": "code",
      "source": [
        "np.linalg.matrix_power(P,7)"
      ],
      "metadata": {
        "id": "QdNgXLN_Z2vl",
        "outputId": "f070043b-0236-41af-caf1-019ebd130efb",
        "colab": {
          "base_uri": "https://localhost:8080/"
        }
      },
      "execution_count": 9,
      "outputs": [
        {
          "output_type": "execute_result",
          "data": {
            "text/plain": [
              "array([[0.17006546, 0.21045096, 0.31579686, 0.30368671],\n",
              "       [0.170048  , 0.21050785, 0.31576676, 0.3036774 ],\n",
              "       [0.16999873, 0.21065165, 0.31579354, 0.30355607],\n",
              "       [0.17006472, 0.21045096, 0.31579686, 0.30368746]])"
            ]
          },
          "metadata": {},
          "execution_count": 9
        }
      ]
    },
    {
      "cell_type": "code",
      "source": [
        "np.linalg.matrix_power(P,10)"
      ],
      "metadata": {
        "id": "oCXmJbS8Z5ga",
        "outputId": "a53b8aa4-17ef-4d3f-9273-54eebe36d89f",
        "colab": {
          "base_uri": "https://localhost:8080/"
        }
      },
      "execution_count": 10,
      "outputs": [
        {
          "output_type": "execute_result",
          "data": {
            "text/plain": [
              "array([[0.17004087, 0.21052518, 0.31578941, 0.30364454],\n",
              "       [0.17004046, 0.21052647, 0.315789  , 0.30364406],\n",
              "       [0.17003993, 0.21052791, 0.31578988, 0.30364227],\n",
              "       [0.17004086, 0.21052518, 0.31578941, 0.30364455]])"
            ]
          },
          "metadata": {},
          "execution_count": 10
        }
      ]
    },
    {
      "cell_type": "code",
      "source": [
        "eigendata=np.linalg.eig(P)\n",
        "print(eigendata)"
      ],
      "metadata": {
        "id": "Erk3c9iwaGq4",
        "outputId": "4a2de056-e2e6-4232-8ac1-03d93aca066a",
        "colab": {
          "base_uri": "https://localhost:8080/"
        }
      },
      "execution_count": 11,
      "outputs": [
        {
          "output_type": "stream",
          "name": "stdout",
          "text": [
            "EigResult(eigenvalues=array([ 1.        +0.j        , -0.1       +0.23804761j,\n",
            "       -0.1       -0.23804761j,  0.13333333+0.j        ]), eigenvectors=array([[ 0.5       +0.j        , -0.37558431-0.12772421j,\n",
            "        -0.37558431+0.12772421j, -0.91195147+0.j        ],\n",
            "       [ 0.5       +0.j        , -0.25486078+0.28737948j,\n",
            "        -0.25486078-0.28737948j, -0.08797872+0.j        ],\n",
            "       [ 0.5       +0.j        ,  0.73328365+0.j        ,\n",
            "         0.73328365-0.j        ,  0.24407   +0.j        ],\n",
            "       [ 0.5       +0.j        , -0.37558431-0.12772421j,\n",
            "        -0.37558431+0.12772421j,  0.3178586 +0.j        ]]))\n"
          ]
        }
      ]
    },
    {
      "cell_type": "code",
      "source": [
        "X, V=eigendata"
      ],
      "metadata": {
        "id": "u_oiMvkDabUB"
      },
      "execution_count": 12,
      "outputs": []
    },
    {
      "cell_type": "code",
      "source": [
        "print(X)\n",
        "print(V)"
      ],
      "metadata": {
        "id": "i-Vn3jCPactX",
        "outputId": "c13452fe-437b-42cb-b545-0afb10e5e604",
        "colab": {
          "base_uri": "https://localhost:8080/"
        }
      },
      "execution_count": 13,
      "outputs": [
        {
          "output_type": "stream",
          "name": "stdout",
          "text": [
            "[ 1.        +0.j         -0.1       +0.23804761j -0.1       -0.23804761j\n",
            "  0.13333333+0.j        ]\n",
            "[[ 0.5       +0.j         -0.37558431-0.12772421j -0.37558431+0.12772421j\n",
            "  -0.91195147+0.j        ]\n",
            " [ 0.5       +0.j         -0.25486078+0.28737948j -0.25486078-0.28737948j\n",
            "  -0.08797872+0.j        ]\n",
            " [ 0.5       +0.j          0.73328365+0.j          0.73328365-0.j\n",
            "   0.24407   +0.j        ]\n",
            " [ 0.5       +0.j         -0.37558431-0.12772421j -0.37558431+0.12772421j\n",
            "   0.3178586 +0.j        ]]\n"
          ]
        }
      ]
    },
    {
      "cell_type": "markdown",
      "metadata": {
        "id": "u7Zil_zqeTJQ"
      },
      "source": [
        "## Q.3 (*)\n",
        " Consider the random walk on 6 sites with the following transition matrix\n",
        "\n",
        "$$\\begin{bmatrix}\n",
        "1/2 & 0 & 1/2 & 0 & 0 & 0 \\\\\n",
        "0 & 1/2 & 0 & 1/2 & 0 & 0 \\\\\n",
        "0 & 0 & 1/2 & 0 & 1/2 & 0 \\\\\n",
        "0 & 1/4 & 0 & 1/2 & 0 & 1/4 \\\\\n",
        "1/4 & 0 & 1/4 & 0 & 1/2 & 0 \\\\\n",
        "0 & 0 & 0 & 1/2 & 0 & 1/2\n",
        "\\end{bmatrix}$$\n",
        "\n",
        "(a) Is the system ergodic?\n",
        "\n",
        "(b) Compare your result to that for the modified random walk with transition matrix below.\n",
        "\n",
        "$$\\begin{bmatrix}\n",
        "1/4 & 1/4 & 1/2 & 0 & 0 & 0 \\\\\n",
        "0 & 1/2 & 0 & 1/2 & 0 & 0 \\\\\n",
        "0 & 0 & 1/2 & 0 & 1/2 & 0 \\\\\n",
        "0 & 1/4 & 0 & 1/2 & 0 & 1/4 \\\\\n",
        "1/4 & 0 & 1/4 & 0 & 1/2 & 0 \\\\\n",
        "0 & 0 & 0 & 1/2 & 0 & 1/2\n",
        "\\end{bmatrix}$$\n",
        "\n",
        "Explain the observed difference in behaviour."
      ]
    },
    {
      "cell_type": "code",
      "execution_count": null,
      "metadata": {
        "id": "hG4T4yKieTJQ"
      },
      "outputs": [],
      "source": [
        "P=np.array([\n",
        "[1/2, 0, 1/2, 0, 0, 0],\n",
        "[0,1/2, 0, 1/2, 0, 0],\n",
        "[0, 0, 1/2, 0, 1/2, 0],\n",
        "[0,1/4, 0, 1/2, 0, 1/4],\n",
        "[1/4, 0, 1/4, 0, 1/2, 0],\n",
        "[0, 0, 0, 1/2, 0, 1/2]\n",
        "])\n",
        "print(P)"
      ]
    },
    {
      "cell_type": "code",
      "execution_count": null,
      "metadata": {
        "id": "AY6YrQNKeTJR"
      },
      "outputs": [],
      "source": []
    },
    {
      "cell_type": "code",
      "execution_count": null,
      "metadata": {
        "id": "bcOgHSSQeTJR"
      },
      "outputs": [],
      "source": []
    },
    {
      "cell_type": "code",
      "execution_count": null,
      "metadata": {
        "id": "Bfn5iwz_eTJa"
      },
      "outputs": [],
      "source": []
    },
    {
      "cell_type": "markdown",
      "metadata": {
        "id": "uJoTr-ZMeTJa"
      },
      "source": [
        "## Q.4 (*)\n",
        "  A queue is observed over 1000 time intervals where the size of the queue after each time step is given. Construct a simple model for this queue as a Markov chain with only nearest neighbour interactions.\n",
        "  \n",
        "1.  What is the expected behaviour of the queue as time continues?\n",
        "  \n",
        "2.  Is the system ergodic?"
      ]
    },
    {
      "cell_type": "code",
      "execution_count": null,
      "metadata": {
        "id": "BwpLyBKfeTJa"
      },
      "outputs": [],
      "source": [
        "qdata = [4, 5, 6, 6, 6, 7, 6, 7, 6, 5, 4, 4, 5, 6, 7, 6, 5, 4, 3, 4, 5, 6, 5, 4, 3, 2, 1, 2, 3, 2, 1,\n",
        "         2, 3, 4, 3, 2, 3, 2, 1, 1, 2, 2, 1, 0, 1, 0, 1, 0, 1, 0, 0, 1, 0, 1, 2, 3, 4, 5, 4, 5, 6, 7,\n",
        "         8, 7, 6, 7, 6, 6, 5, 4, 5, 4, 3, 2, 3, 2, 3, 2, 3, 2, 1, 1, 2, 3, 3, 4, 5, 6, 7, 6, 5, 6, 5,\n",
        "         6, 5, 6, 5, 4, 5, 4, 3, 4, 3, 4, 3, 2, 1, 0, 0, 0, 0, 1, 2, 1, 0, 1, 2, 3, 3, 2, 3, 4, 3, 2,\n",
        "         3, 2, 1, 2, 3, 2, 3, 2, 1, 0, 0, 1, 1, 2, 3, 2, 1, 0, 0, 1, 0, 0, 0, 0, 1, 0, 0, 1, 2, 1, 2,\n",
        "         1, 2, 3, 4, 3, 4, 5, 6, 5, 6, 5, 6, 7, 7, 6, 5, 4, 3, 4, 3, 3, 4, 3, 2, 3, 2, 3, 2, 1, 2, 1,\n",
        "         2, 1, 0, 0, 0, 0, 1, 2, 3, 2, 2, 3, 2, 1, 0, 1, 2, 1, 0, 1, 0, 1, 0, 1, 2, 1, 0, 0, 1, 0, 1,\n",
        "         0, 0, 1, 0, 0, 0, 0, 0, 0, 1, 2, 1, 1, 1, 0, 0, 1, 2, 3, 2, 3, 3, 4, 5, 6, 5, 4, 3, 2, 1, 2,\n",
        "         1, 0, 0, 0, 1, 2, 1, 0, 0, 0, 0, 1, 0, 0, 1, 0, 1, 1, 0, 1, 0, 0, 0, 0, 1, 0, 1, 0, 1, 1, 2,\n",
        "         1, 0, 0, 1, 2, 3, 2, 3, 2, 2, 3, 4, 4, 5, 4, 3, 2, 3, 2, 3, 2, 3, 2, 1, 0, 1, 2, 3, 2, 1, 2,\n",
        "         1, 0, 1, 0, 1, 2, 3, 3, 2, 1, 1, 2, 1, 2, 1, 2, 1, 2, 3, 2, 2, 1, 0, 1, 2, 1, 2, 3, 4, 4, 3,\n",
        "         2, 2, 1, 2, 3, 4, 5, 4, 4, 5, 4, 3, 4, 3, 2, 1, 0, 0, 0, 0, 0, 0, 0, 0, 0, 0, 1, 0, 1, 1, 2,\n",
        "         1, 2, 2, 3, 2, 3, 4, 5, 6, 5, 6, 5, 4, 5, 6, 7, 6, 5, 6, 6, 7, 6, 7, 7, 6, 7, 6, 5, 4, 5, 5,\n",
        "         4, 5, 6, 6, 5, 6, 5, 6, 5, 6, 5, 5, 5, 4, 3, 4, 5, 6, 5, 4, 3, 3, 4, 3, 2, 3, 2, 3, 3, 2, 1,\n",
        "         2, 1, 0, 0, 0, 0, 0, 1, 2, 3, 2, 3, 4, 5, 6, 7, 7, 8, 9, 8, 9, 8, 7, 6, 5, 5, 4, 5, 4, 3, 2,\n",
        "         1, 0, 1, 2, 1, 2, 3, 4, 5, 6, 7, 7, 8, 7, 8, 9, 8, 7, 6, 5, 4, 3, 4, 3, 4, 4, 5, 4, 3, 4, 3,\n",
        "         2, 3, 2, 3, 3, 2, 1, 1, 0, 1, 2, 1, 2, 2, 3, 4, 5, 6, 5, 4, 3, 2, 1, 0, 1, 0, 1, 0, 0, 1, 2,\n",
        "         3, 2, 1, 0, 0, 1, 2, 3, 4, 3, 2, 3, 2, 2, 1, 0, 1, 0, 0, 1, 0, 1, 2, 3, 4, 5, 6, 7, 6, 7, 7,\n",
        "         6, 7, 8, 8, 9, 10, 9, 10, 9, 10, 11, 10, 9, 8, 9, 10, 11, 10, 10, 9, 10, 10, 9, 8, 7, 8, 9, 10,\n",
        "         9, 8, 7, 6, 7, 6, 7, 6, 5, 4, 4, 5, 4, 3, 2, 1, 1, 0, 1, 0, 1, 0, 1, 0, 1, 2, 1, 2, 1, 0, 0,\n",
        "         0, 0, 1, 0, 0, 1, 0, 1, 2, 3, 2, 3, 2, 3, 4, 3, 2, 1, 1, 2, 1, 2, 1, 2, 1, 2, 2, 1, 2, 3, 2,\n",
        "         2, 2, 1, 0, 1, 2, 3, 4, 5, 4, 5, 4, 3, 2, 3, 4, 5, 5, 4, 3, 4, 3, 4, 5, 4, 3, 2, 1, 0, 1, 2,\n",
        "         3, 4, 3, 2, 3, 4, 3, 2, 3, 2, 1, 0, 0, 0, 0, 0, 1, 0, 1, 2, 3, 4, 5, 4, 5, 4, 5, 6, 5, 4, 5,\n",
        "         6, 5, 4, 3, 2, 1, 0, 0, 1, 0, 0, 1, 0, 1, 2, 3, 4, 3, 4, 3, 2, 1, 1, 2, 3, 2, 3, 2, 3, 2, 3,\n",
        "         4, 3, 4, 4, 5, 6, 7, 6, 7, 7, 6, 5, 4, 3, 4, 3, 2, 2, 3, 4, 3, 4, 3, 2, 1, 0, 0, 1, 2, 3, 2,\n",
        "         1, 2, 3, 2, 1, 0, 0, 0, 0, 1, 1, 2, 3, 2, 3, 2, 3, 4, 5, 6, 5, 5, 4, 3, 4, 5, 4, 3, 4, 5, 4,\n",
        "         3, 2, 1, 0, 1, 0, 0, 0, 0, 0, 1, 0, 0, 1, 2, 1, 0, 0, 0, 1, 0, 0, 1, 2, 3, 2, 3, 2, 3, 3, 4,\n",
        "         3, 2, 3, 2, 1, 0, 0, 0, 0, 0, 0, 1, 0, 1, 2, 1, 2, 1, 0, 1, 2, 1, 2, 1, 2, 3, 2, 3, 2, 1, 0,\n",
        "         0, 0, 1, 2, 2, 3, 3, 2, 3, 4, 3, 2, 1, 2, 3, 3, 2, 1, 0, 1, 2, 2, 3, 4, 5, 6, 7, 7, 6, 5, 4,\n",
        "         5, 4, 5, 4, 3, 2, 3, 4, 3, 2, 1, 2, 3, 4, 3, 2, 3, 2, 1, 0, 1, 2, 1, 0, 0, 0, 0, 0, 0, 1, 0,\n",
        "         0, 1, 2, 2, 3, 2, 1, 0, 1, 2, 3, 4, 4, 3, 4, 3, 2, 1, 0, 0, 0, 0, 1, 0, 1, 1, 0, 1, 2, 2, 1,\n",
        "         0, 0, 1, 0, 1, 2, 2, 3, 3, 4, 3, 2, 3, 2, 1, 0, 0, 1, 2, 1, 2, 3, 2, 1, 2, 3, 2, 3, 2, 1, 0,\n",
        "         1, 2, 1, 2, 3, 2, 3, 2, 1, 1, 0]"
      ]
    },
    {
      "cell_type": "code",
      "execution_count": null,
      "metadata": {
        "id": "7qvj05W-eTJb"
      },
      "outputs": [],
      "source": [
        "N=len(qdata)"
      ]
    },
    {
      "cell_type": "code",
      "execution_count": null,
      "metadata": {
        "id": "_P3IUJv8eTJb"
      },
      "outputs": [],
      "source": [
        "N"
      ]
    },
    {
      "cell_type": "markdown",
      "metadata": {
        "id": "--gXzdEXeTJb"
      },
      "source": [
        "N is the number of events recorded\n",
        "\n",
        "We can easily compute the average with the following do loop"
      ]
    },
    {
      "cell_type": "code",
      "execution_count": null,
      "metadata": {
        "id": "-5AWR6sAeTJb"
      },
      "outputs": [],
      "source": [
        "ans=0\n",
        "for i in range(1,N):\n",
        "    ans=ans+qdata[i-1]\n",
        "#do loop complete\n",
        "average=ans/N"
      ]
    },
    {
      "cell_type": "code",
      "execution_count": null,
      "metadata": {
        "id": "J3vY_yFveTJc"
      },
      "outputs": [],
      "source": [
        "average"
      ]
    },
    {
      "cell_type": "code",
      "execution_count": null,
      "metadata": {
        "id": "FqdMObceeTJc"
      },
      "outputs": [],
      "source": []
    },
    {
      "cell_type": "markdown",
      "metadata": {
        "id": "m0nAE4ZyeTJc"
      },
      "source": [
        " Apply the simplest model of an infinite nearest neighbour queue with $p_{1}$ = prob of jumping up and $p_{2}$ = prob of jumping down. These can be estimated by counting the number of jumps up vs the number of jumps down.\n",
        "Consider  the following do loop with if statements."
      ]
    },
    {
      "cell_type": "code",
      "execution_count": null,
      "metadata": {
        "id": "RdX8O9pNeTJc"
      },
      "outputs": [],
      "source": [
        "nup=0 # nup counts no of up steps\n",
        "ndown=0 # ndown counts no of down steps\n",
        "\n",
        "for i in range(1,N):\n",
        "    if qdata[i]>qdata[i-1]:\n",
        "        nup=nup+1\n",
        "    elif qdata[i]<qdata[i-1]:\n",
        "        ndown=ndown+1\n",
        "# if statements complete\n",
        "print(nup,\"up steps\", ndown,\"down steps\")\n"
      ]
    },
    {
      "cell_type": "code",
      "execution_count": null,
      "metadata": {
        "id": "xStJRYmdeTJd"
      },
      "outputs": [],
      "source": [
        "p1=nup/N\n",
        "p2=ndown/N\n",
        "print(p1,p2)"
      ]
    },
    {
      "cell_type": "markdown",
      "metadata": {
        "id": "8y6LZPd_eTJd"
      },
      "source": [
        "Do you consider this to be a good estimate? What is wrong?"
      ]
    },
    {
      "cell_type": "code",
      "execution_count": null,
      "metadata": {
        "id": "7uhGgwxfeTJd"
      },
      "outputs": [],
      "source": []
    },
    {
      "cell_type": "code",
      "execution_count": null,
      "metadata": {
        "id": "pmCAkaoKeTJe"
      },
      "outputs": [],
      "source": []
    },
    {
      "cell_type": "code",
      "execution_count": null,
      "metadata": {
        "id": "gBMMSRKseTJe"
      },
      "outputs": [],
      "source": []
    },
    {
      "cell_type": "code",
      "execution_count": null,
      "metadata": {
        "id": "Vz0pqm0eeTJe"
      },
      "outputs": [],
      "source": [
        "# Estimate probabilities p1,p2\n",
        "# for transition k-> k-1,k or k for k>0 only\n",
        "\n",
        "nup=0 # nup counts no of up steps k->k+1 for k>0\n",
        "ndown=0 # ndown counts no of down steps k->k-1 for k>0\n",
        "nn0=0 # no k>0 data points\n",
        "\n",
        "for i in range(1,N-1):\n",
        "    if qdata[i]>0:\n",
        "        nn0=nn0+1 # count non zero data\n",
        "        if qdata[i]<qdata[i+1]:\n",
        "            nup=nup+1\n",
        "        elif qdata[i]>qdata[i+1]:\n",
        "            ndown=ndown+1\n",
        "print(nup,\"up steps\", ndown,\"down steps\",nn0, \"non zero data points\")"
      ]
    },
    {
      "cell_type": "code",
      "execution_count": null,
      "metadata": {
        "id": "3c7fgB_GeTJe"
      },
      "outputs": [],
      "source": [
        "p1=nup/nn0\n",
        "p2=ndown/nn0\n",
        "print(p1,p2)"
      ]
    },
    {
      "cell_type": "markdown",
      "metadata": {
        "id": "ZFYRmLVkeTJf"
      },
      "source": [
        "## Q.5 (*)\n",
        "  A queue is observed over 10000 one-second time intervals with data as given below in the array `qdata`.\n",
        "  \n",
        "  Construct a Poisson nearest neighbour model with a single arrival and servicing pattern and hence answer the following questions:\n",
        "\n",
        "  1. What is the average time taken for 1 customer to arrive?\n",
        "  2. What is the average number of customer servicings per second?\n",
        "  3. What is your estimate for the equilibrium probability $P(n\\geq 4)$, where $n$ is the queue size in this model?\n",
        "  4. Suppose that two equivalent servers are introduced. What would the equilibrium probability $P(n\\geq 4)$ then be?"
      ]
    },
    {
      "cell_type": "code",
      "execution_count": null,
      "metadata": {
        "id": "fHpmIPgXeTJf"
      },
      "outputs": [],
      "source": [
